665
671
669
671
673
674
674
675
675
675
677
677
676
678
675
660
714
700
724
845
723
705
752
860
710
705
768
837
701
712
797
832
700
721
822
810
701
726
844
785
701
726
726
670
674
673
653
648
662
661
647
649
661
658
645
650
662
654
646
654
660
650
647
656
660
647
644
658
659
646
646
659
657
645
648
660
655
644
650
660
652
645
653
658
649
646
656
660
646
644
657
657
645
646
658
657
645
647
659
654
643
650
659
651
644
653
658
648
645
655
660
645
643
657
657
644
646
658
656
644
647
659
654
643
649
659
650
644
652
657
647
645
655
660
645
643
656
657
644
646
658
656
644
647
659
653
643
649
658
649
644
653
657
647
645
655
659
644
644
656
657
643
645
657
656
644
648
659
653
643
649
658
649
644
653
657
646
644
655
659
644
644
656
657
643
646
657
655
643
647
659
653
643
650
658
648
644
653
657
646
644
655
659
875
901
915
923
927
929
930
925
914
901
890
881
871
854
710
751
871
704
701
712
675
660
669
668
651
652
664
660
647
653
662
654
647
655
661
650
647
658
662
647
646
658
660
646
647
659
658
645
649
661
656
644
651
660
650
645
654
658
648
645
656
660
645
645
658
659
644
646
659
656
644
648
660
654
643
650
659
649
645
653
657
646
644
656
660
644
645
657
658
643
646
658
656
643
648
659
653
643
651
658
649
644
653
657
646
643
656
659
645
645
657
657
643
646
657
655
643
648
659
652
643
651
658
648
644
653
657
646
643
656
659
644
645
656
657
643
646
657
654
643
648
659
652
643
651
657
648
644
653
657
645
642
656
658
644
645
657
656
643
645
657
654
642
647
658
652
643
651
657
648
644
653
656
645
642
656
658
644
644
657
656
643
646
681
811
818
700
709
818
786
701
714
865
707
698
722
837
734
703
750
851
710
708
772
849
701
711
793
828
694
709
709
667
663
668
656
648
657
662
649
643
659
661
646
646
659
658
645
647
659
656
644
648
660
653
644
653
659
649
645
655
659
646
643
657
658
645
645
658
657
644
646
658
654
643
648
659
651
644
652
658
648
645
655
659
645
643
656
657
644
645
658
656
644
646
658
654
643
648
659
651
644
652
657
647
645
654
659
645
642
656
656
644
645
658
656
643
646
658
653
642
648
658
650
643
652
657
647
644
654
659
644
643
656
657
643
645
657
655
643
647
658
653
642
648
658
649
643
651
656
646
644
655
659
644
643
656
656
643
645
657
655
643
647
658
653
642
648
658
648
643
652
656
646
643
655
658
644
643
656
657
643
645
657
655
643
647
658
653
642
649
657
648
643
652
657
831
734
700
735
854
710
701
760
697
698
704
775
826
699
715
808
816
699
722
831
797
699
723
850
750
698
720
683
661
668
668
649
648
661
660
645
649
661
656
644
651
660
651
645
654
658
647
643
656
660
645
645
657
658
644
646
658
656
643
648
660
654
643
651
658
649
644
653
658
646
642
656
659
644
645
657
657
643
645
658
655
643
647
659
653
643
651
658
648
644
653
657
645
642
655
658
644
644
657
657
643
645
657
654
642
647
659
652
643
651
658
648
644
653
657
644
641
655
657
643
644
657
656
643
645
657
654
642
647
658
651
643
651
657
647
644
653
657
644
641
656
657
644
644
657
655
643
645
657
653
642
646
658
650
643
651
657
647
644
653
657
644
641
656
656
643
644
657
655
642
645
657
653
642
647
658
650
643
651
656
647
644
653
657
644
641
655
655
643
644
657
655
742
697
703
790
798
699
710
827
740
696
715
820
744
701
731
853
729
705
755
863
705
709
781
860
699
713
804
708
676
689
677
651
655
668
656
645
657
670
649
643
659
665
646
644
661
663
644
647
664
659
641
649
664
655
643
651
663
651
643
656
667
646
642
658
662
643
644
660
661
643
647
663
658
641
649
663
653
642
651
662
650
641
655
666
645
643
657
662
643
644
660
660
642
647
663
657
640
650
662
652
642
651
661
649
640
655
666
645
643
657
662
642
644
659
659
641
647
663
656
640
650
662
652
641
651
661
647
640
655
664
644
643
657
661
642
644
659
658
641
647
662
656
640
650
662
651
642
651
661
647
639
655
664
644
643
657
661
642
644
659
657
641
647
663
655
640
650
661
651
642
651
660
647
639
656
663
644
643
658
660
642
644
659
657
640
646
663
655
641
650
661
651
695
697
718
838
721
701
746
857
709
701
764
843
699
707
795
844
699
719
827
822
699
724
850
797
698
724
796
669
674
680
655
646
663
666
646
646
663
661
642
647
665
656
642
652
664
653
643
654
665
648
639
658
664
645
643
660
661
643
645
661
658
640
647
663
654
642
651
662
651
643
654
664
647
639
658
662
644
643
660
660
643
645
661
657
640
647
663
653
641
650
661
650
642
654
664
645
640
657
661
644
643
659
659
642
645
661
656
640
647
662
652
641
650
661
650
642
654
664
645
641
657
660
643
643
659
659
642
645
661
655
639
647
662
652
641
650
660
649
642
655
665
645
641
657
660
643
643
659
659
641
646
661
656
640
648
662
651
641
650
660
648
641
655
664
644
641
656
661
642
643
659
658
641
646
662
655
639
648
662
651
641
650
660
647
640
655
665
644
642
656
661
642
644
703
768
814
698
709
807
809
699
713
818
779
697
722
856
770
701
745
865
726
703
766
865
702
708
783
701
671
683
675
647
652
667
656
644
653
664
650
640
657
667
646
644
658
664
643
644
660
660
641
647
664
657
640
650
663
653
642
652
662
648
639
656
665
645
643
658
661
643
644
660
658
641
647
663
655
640
650
662
652
642
652
661
647
639
656
663
644
642
658
661
642
644
659
657
640
646
663
654
640
650
661
651
642
652
661
646
638
656
662
644
642
658
660
642
643
659
657
640
646
662
653
640
650
661
650
642
652
662
646
638
656
661
644
642
659
659
642
644
660
656
640
645
662
652
640
651
661
649
642
653
662
645
639
656
660
643
642
659
659
642
644
660
656
639
646
662
652
641
650
661
649
641
653
663
645
639
657
660
643
642
658
659
642
644
660
655
639
647
661
651
640
650
722
824
737
698
729
852
719
702
768
729
698
704
775
847
699
712
804
834
697
721
834
813
700
723
856
735
692
710
677
652
663
669
648
645
662
664
644
647
664
659
640
649
664
654
642
651
662
650
642
655
667
645
642
657
663
643
643
660
660
642
647
662
657
640
649
662
652
642
651
661
649
641
655
666
644
642
657
662
642
644
659
659
641
646
662
657
640
649
662
651
642
651
661
647
640
655
665
643
642
657
661
642
644
659
659
641
646
662
655
640
649
661
651
641
651
660
647
639
654
663
643
642
657
661
642
643
659
657
640
647
662
655
640
649
661
651
641
651
660
646
639
655
663
643
642
657
660
641
644
658
657
639
646
662
654
640
649
660
651
641
651
660
646
638
656
662
644
642
658
659
641
643
659
656
639
646
662
653
640
649
661
649
641
651
661
646
638
656
661
643
641
658
691
794
697
704
787
821
698
712
821
711
697
718
837
776
701
727
861
746
702
753
866
710
708
777
861
697
708
776
678
663
677
666
646
653
666
655
644
655
667
649
641
658
663
646
643
661
662
643
645
662
658
640
647
664
654
641
650
662
651
643
654
665
646
640
657
662
644
643
660
660
642
645
661
657
639
647
663
652
641
650
661
650
642
654
665
645
641
656
661
642
643
659
659
642
646
662
656
639
648
662
652
641
650
660
649
641
654
665
644
641
657
661
642
643
658
659
641
646
662
656
639
648
662
651
641
650
660
647
640
654
665
643
642
656
660
642
643
658
658
640
645
662
656
639
649
661
651
641
650
660
646
639
655
663
643
642
657
661
642
643
658
657
640
646
662
655
640
649
661
651
640
651
660
646
639
655
663
643
642
657
659
641
643
659
657
639
646
661
654
639